      
-13 -140
-13 -145
-13 -155
-13 -160
-13 -165
-13 -170
-13 -175
-13 -35
-13 -40
-13 -45
-13 -50
-13 -55
-13 -60
-13 -65
-13 -70
-13 -75
-13 -80
-13 10
-13 105
-13 110
-13 115
-13 120
-13 125
-13 130
-13 135
-13 140
-13 145
-13 15
-13 150
-13 155
-13 160
-13 165
-13 175
-13 20
-13 25
-13 30
-13 35
-13 40
-13 45
-13 95
-18 -10
-18 -140
-18 -145
-18 -150
-18 -155
-18 -165
-18 -170
-18 -175
-18 -180
-18 -40
-18 -45
-18 -50
-18 -55
-18 -60
-18 -65
-18 -70
-18 -75
-18 -80
-18 10
-18 120
-18 125
-18 130
-18 135
-18 140
-18 145
-18 15
-18 165
-18 175
-18 20
-18 25
-18 30
-18 35
-18 40
-18 45
-18 50
-23 -140
-23 -145
-23 -155
-23 -160
-23 -165
-23 -170
-23 -175
-23 -180
-23 -30
-23 -40
-23 -45
-23 -50
-23 -55
-23 -60
-23 -65
-23 -70
-23 -75
-23 10
-23 110
-23 115
-23 120
-23 125
-23 130
-23 135
-23 140
-23 145
-23 15
-23 150
-23 160
-23 165
-23 170
-23 175
-23 20
-23 25
-23 30
-23 35
-23 40
-23 45
-23 55
-23 60
-28 -125
-28 -130
-28 -135
-28 -140
-28 -145
-28 -150
-28 -45
-28 -50
-28 -55
-28 -60
-28 -65
-28 -70
-28 -75
-28 10
-28 110
-28 115
-28 120
-28 125
-28 130
-28 135
-28 140
-28 145
-28 15
-28 150
-28 20
-28 25
-28 30
-28 35
-28 40
-28 45
-33 -50
-33 -55
-33 -60
-33 -65
-33 -70
-33 -75
-33 110
-33 115
-33 120
-33 125
-33 130
-33 135
-33 140
-33 145
-33 15
-33 150
-33 155
-33 165
-33 20
-33 25
-33 30
-38 -15
-38 -55
-38 -60
-38 -65
-38 -70
-38 -75
-38 110
-38 115
-38 120
-38 130
-38 135
-38 140
-38 145
-38 15
-38 150
-38 170
-38 175
-38 20
-38 25
-3 -160
-3 -165
-3 -175
-3 -180
-3 -40
-3 -45
-3 -50
-3 -55
-3 -60
-3 -65
-3 -70
-3 -75
-3 -80
-3 -85
-3 -90
-3 -95
-3 10
-3 100
-3 105
-3 110
-3 115
-3 120
-3 125
-3 130
-3 135
-3 140
-3 145
-3 15
-3 150
-3 165
-3 170
-3 175
-3 20
-3 25
-3 30
-3 35
-3 40
-3 45
-3 5
-3 70
-3 95
-43 -60
-43 -65
-43 -70
-43 -75
-43 140
-43 145
-43 170
-43 175
-48 -65
-48 -70
-48 -75
-48 -80
-48 145
-48 165
-48 170
-53 -60
-53 -65
-53 -70
-53 -75
-53 -80
-53 165
-58 -65
-58 -70
-58 -75
-8 -145
-8 -15
-8 -155
-8 -160
-8 -175
-8 -35
-8 -40
-8 -45
-8 -50
-8 -55
-8 -60
-8 -65
-8 -70
-8 -75
-8 -80
-8 -85
-8 10
-8 100
-8 105
-8 110
-8 115
-8 120
-8 125
-8 130
-8 135
-8 140
-8 145
-8 15
-8 150
-8 155
-8 160
-8 175
-8 20
-8 25
-8 30
-8 35
-8 40
-8 55
12 -10
12 -100
12 -105
12 -15
12 -20
12 -25
12 -30
12 -5
12 -60
12 -65
12 -70
12 -75
12 -85
12 -90
12 -95
12 0
12 10
12 100
12 105
12 115
12 120
12 125
12 140
12 145
12 15
12 165
12 170
12 20
12 25
12 30
12 35
12 40
12 45
12 5
12 50
12 70
12 75
12 80
12 90
12 95
17 -10
17 -100
17 -105
17 -110
17 -15
17 -155
17 -160
17 -165
17 -20
17 -25
17 -30
17 -5
17 -65
17 -70
17 -75
17 -80
17 -85
17 -90
17 -95
17 0
17 10
17 100
17 105
17 110
17 120
17 140
17 145
17 15
17 20
17 25
17 30
17 35
17 40
17 45
17 5
17 50
17 55
17 65
17 70
17 75
17 80
17 85
17 90
17 95
22 -10
22 -100
22 -105
22 -110
22 -115
22 -15
22 -160
22 -165
22 -170
22 -175
22 -20
22 -5
22 -75
22 -80
22 -85
22 0
22 10
22 100
22 105
22 110
22 115
22 120
22 125
22 130
22 140
22 15
22 20
22 25
22 30
22 35
22 40
22 45
22 5
22 50
22 55
22 60
22 65
22 70
22 75
22 80
22 85
22 90
22 95
27 -10
27 -100
27 -105
27 -110
27 -115
27 -120
27 -15
27 -180
27 -20
27 -5
27 -80
27 -85
27 -90
27 -95
27 0
27 10
27 100
27 105
27 110
27 115
27 120
27 125
27 130
27 140
27 15
27 20
27 25
27 30
27 35
27 40
27 45
27 5
27 50
27 55
27 60
27 65
27 70
27 75
27 80
27 85
27 90
27 95
2 -10
2 -15
2 -160
2 -165
2 -5
2 -55
2 -60
2 -65
2 -70
2 -75
2 -80
2 0 
2 10
2 100
2 105
2 110
2 115
2 120
2 125
2 130
2 145
2 15
2 150
2 155
2 160
2 165
2 170
2 20
2 25
2 30
2 35
2 40
2 45
2 5 
2 70
2 75
2 80
2 90
2 95
32 -10
32 -100
32 -105
32 -110
32 -115
32 -120
32 -125
32 -20
32 -30
32 -5
32 -65
32 -80
32 -85
32 -90
32 -95
32 0
32 10
32 100
32 105
32 110
32 115
32 120
32 125
32 130
32 135
32 140
32 15
32 20
32 25
32 30
32 35
32 40
32 45
32 5
32 50
32 55
32 60
32 65
32 70
32 75
32 80
32 85
32 90
32 95
37 -10
37 -100
37 -105
37 -110
37 -115
37 -120
37 -125
37 -30
37 -35
37 -5
37 -70
37 -75
37 -80
37 -85
37 -90
37 -95
37 0
37 10
37 100
37 105
37 110
37 115
37 120
37 125
37 130
37 135
37 140
37 15
37 20
37 25
37 30
37 35
37 40
37 45
37 5
37 50
37 55
37 60
37 65
37 70
37 75
37 80
37 85
37 90
37 95
42 -10
42 -100
42 -105
42 -110
42 -115
42 -120
42 -125
42 -5
42 -55
42 -60
42 -65
42 -70
42 -75
42 -80
42 -85
42 -90
42 -95
42 0
42 10
42 100
42 105
42 110
42 115
42 120
42 125
42 130
42 135
42 140
42 145
42 15
42 150
42 20
42 25
42 30
42 35
42 40
42 45
42 5
42 50
42 55
42 60
42 65
42 70
42 75
42 80
42 85
42 90
42 95
47 -10
47 -100
47 -105
47 -110
47 -115
47 -120
47 -125
47 -130
47 -135
47 -15
47 -180
47 -5
47 -55
47 -60
47 -65
47 -70
47 -75
47 -80
47 -85
47 -90
47 -95
47 0
47 10
47 100
47 105
47 110
47 115
47 120
47 125
47 130
47 135
47 140
47 15
47 150
47 155
47 20
47 25
47 30
47 35
47 40
47 45
47 5
47 50
47 55
47 60
47 65
47 70
47 75
47 80
47 85
47 90
47 95
52 -10
52 -100
52 -105
52 -110
52 -115
52 -120
52 -125
52 -130
52 -135
52 -140
52 -15
52 -155
52 -160
52 -165
52 -170
52 -175
52 -180
52 -5
52 -60
52 -65
52 -70
52 -75
52 -80
52 -85
52 -90
52 -95
52 0
52 10
52 100
52 105
52 110
52 115
52 120
52 125
52 130
52 135
52 140
52 15
52 155
52 160
52 165
52 20
52 25
52 30
52 35
52 40
52 45
52 5
52 50
52 55
52 60
52 65
52 70
52 75
52 80
52 85
52 90
52 95
57 -10
57 -100
57 -105
57 -110
57 -115
57 -120
57 -125
57 -130
57 -135
57 -140
57 -145
57 -150
57 -155
57 -160
57 -165
57 -170
57 -175
57 -45
57 -5
57 -50
57 -65
57 -70
57 -75
57 -80
57 -85
57 -90
57 -95
57 0
57 10
57 100
57 105
57 110
57 115
57 120
57 125
57 130
57 135
57 140
57 145
57 15
57 150
57 155
57 160
57 165
57 170
57 175
57 20
57 25
57 30
57 35
57 40
57 45
57 5
57 50
57 55
57 60
57 65
57 70
57 75
57 80
57 85
57 90
57 95
62 -10
62 -100
62 -105
62 -110
62 -115
62 -120
62 -125
62 -130
62 -135
62 -140
62 -145
62 -15
62 -150
62 -155
62 -160
62 -165
62 -170
62 -175
62 -180
62 -20
62 -25
62 -35
62 -40
62 -45
62 -50
62 -55
62 -65
62 -70
62 -75
62 -80
62 -85
62 -90
62 -95
62 0
62 10
62 100
62 105
62 110
62 115
62 120
62 125
62 130
62 135
62 140
62 145
62 15
62 150
62 155
62 160
62 165
62 170
62 175
62 20
62 25
62 30
62 35
62 40
62 45
62 5
62 50
62 55
62 60
62 65
62 70
62 75
62 80
62 85
62 90
62 95
67 -100
67 -105
67 -110
67 -115
67 -120
67 -125
67 -130
67 -135
67 -140
67 -145
67 -150
67 -155
67 -160
67 -165
67 -170
67 -175
67 -180
67 -25
67 -30
67 -35
67 -40
67 -50
67 -55
67 -60
67 -65
67 -70
67 -75
67 -80
67 -85
67 -90
67 -95
67 10
67 100
67 105
67 110
67 115
67 120
67 125
67 130
67 135
67 140
67 145
67 15
67 150
67 155
67 160
67 165
67 170
67 175
67 20
67 25
67 30
67 35
67 40
67 45
67 50
67 55
67 60
67 65
67 70
67 75
67 80
67 85
67 90
67 95
72 -100
72 -105
72 -110
72 -115
72 -120
72 -125
72 -130
72 -20
72 -25
72 -30
72 -55
72 -60
72 -65
72 -70
72 -75
72 -80
72 -85
72 -90
72 -95
72 100
72 105
72 110
72 115
72 120
72 125
72 135
72 140
72 145
72 15
72 150
72 155
72 20
72 25
72 50
72 55
72 60
72 65
72 70
72 75
72 80
72 85
72 90
72 95
77 -100
77 -105
77 -110
77 -115
77 -120
77 -125
77 -15
77 -20
77 -25
77 -30
77 -35
77 -40
77 -45
77 -50
77 -55
77 -60
77 -65
77 -70
77 -75
77 -80
77 -85
77 -90
77 -95
77 10
77 100
77 105
77 15
77 155
77 20
77 25
77 35
77 40
77 45
77 50
77 55
77 60
77 65
77 75
77 80
77 85
77 90
77 95
7 -10
7 -15
7 -20
7 -5
7 -60
7 -65
7 -70
7 -75
7 -80
7 -85
7 -90
7 0 
7 10
7 100
7 105
7 115
7 120
7 125
7 130
7 135
7 140
7 145
7 15
7 150
7 155
7 160
7 165
7 170
7 20
7 25
7 30
7 35
7 40
7 45
7 5 
7 50
7 70
7 75
7 80
7 90
7 95